Name NStars Mean_size FWHM FOCUS Median_E STD_E Median_E1 Median_E2 Median_W STD_W "Model E1" "Model E2" "Model W"
iabf01bxq_single_sci.fits 1118 2.6239 4.726 -1.0711 0.01970227311123735 0.011852817529439136 0.012325667640966396 -0.0032173320270258727 2.8609511532843506 0.09771858008642052 0.011597096218901974 -0.0024783468117071106 2.8523397703080815
iabf01bzq_single_sci.fits 1147 2.6232 4.7089 -1.4578 0.019767013680026715 0.011530553160892324 0.011780163278945219 -0.003508556331027758 2.858555059850171 0.08998503297957175 0.01078143702989409 -0.002726167362333155 2.844663622790003
iabf01ckq_single_sci.fits 1076 2.6233 4.7488 -1.5662 0.020617406933806984 0.011534188689115524 0.014260782150365602 -0.002942875254800508 2.857458868285672 0.10194853540610323 0.012616819610198327 -0.0025545352982311673 2.854000310408975
iabf01cmq_single_sci.fits 1102 2.6305 4.7484 -1.798 0.02050330818348635 0.011445201227764207 0.012792214280421207 -0.002512636705834093 2.8628803113946644 0.09155534056024929 0.011653687253199325 -0.0013009557748020835 2.8522231716465427
iabf01crq_single_sci.fits 1127 2.6211 4.7403 -1.2547 0.020078330634072803 0.01159220604440204 0.012026132680399487 -0.002526175411965099 2.858449454950293 0.1000547578468547 0.010591229199441369 -0.0021869763718534896 2.850272269736951
iabf01ctq_single_sci.fits 1116 2.6194 4.7422 -1.2547 0.01878884544165387 0.011515256347173378 0.012279227113585704 -0.0023902514206077217 2.8581029868360446 0.10015555018493842 0.010953393740032652 -0.002514205577625964 2.845678330737893
iabf02j2q_single_sci.fits 1158 2.6306 4.7324 -1.7998 0.020540867611993457 0.012028066435990756 0.013167042793746142 -0.0030581376225011594 2.867135209117556 0.09489920519686706 0.012472770028241388 -0.0032366081713926633 2.859424302118909
iabf02j4q_single_sci.fits 1188 2.632 4.7465 -2.3149 0.020001615055341523 0.011425852663265752 0.013123207913172914 -0.0031064675511578792 2.8706182995726675 0.09206064557510471 0.012074937530899691 -0.0029653669068961013 2.8622321187097226
iabf02jpq_single_sci.fits 1150 2.641 4.7824 -3.3804 0.020034427908072215 0.011863803048660802 0.012741340380369113 -0.0013615468440954523 2.874667622505422 0.11800145066082518 0.011247506201908935 -0.0005539209555457841 2.8611762811294374
iabf02jrq_single_sci.fits 1161 2.6412 4.768 -3.3405 0.020330258831191796 0.01181447481612972 0.013083459708054686 -0.0010566846764507505 2.875437579204446 0.10755884598661997 0.011618048952400364 -0.0011577328597420975 2.8637268857116283
iabf02jwq_single_sci.fits 1084 2.6323 4.7545 -2.2908 0.020987577392861098 0.011890629496903544 0.013185392894881574 -0.0027394866668502826 2.866994652687392 0.11146282469668728 0.012106633461860772 -0.0021989914862896223 2.8522475478999247
iabf02jyq_single_sci.fits 1073 2.6283 4.7614 -2.4736 0.020699376225046803 0.012001885150584427 0.01252799205574859 -0.0030228956758391475 2.864900454179141 0.10118847480418611 0.01200024853956306 -0.0021885114575122475 2.8530661556503953
iabf03hpq_single_sci.fits 1059 2.6353 4.743 -1.5075 0.020599672122012528 0.011954780405285331 0.014804415523119252 -0.0023203904987601645 2.8704100052691217 0.08852848136470086 0.012592254316068804 -0.001676319427401897 2.8541719055934114
iabf03hrq_single_sci.fits 1084 2.6302 4.727 -1.7977 0.020322859789813588 0.01168852292017676 0.012941759099100676 -0.0024243231173019138 2.867779160089982 0.10121907785872356 0.011305689746363092 -0.0015556283444558916 2.8481423365191967
iabf03icq_single_sci.fits 1046 2.6351 4.7501 -1.7435 0.019850056482753235 0.011756327706273816 0.013283754558553101 -0.0021100536698031784 2.8661071936887588 0.08674764651547617 0.011211010863941464 -0.0019374593975120865 2.8515046136557887
iabf03ijq_single_sci.fits 1025 2.6378 4.7204 -1.2976 0.019543058961121216 0.011687722693827587 0.012110593659937953 -0.0016537907194257104 2.8632774611260654 0.08503853739871267 0.009590965488137915 -0.0024243214123180826 2.8561432869552026
iabf03ilq_single_sci.fits 1036 2.6398 4.735 -1.2976 0.019625608751834354 0.01164585028800619 0.011679913126198305 -0.0017645950846228433 2.869396114928959 0.08401541615271485 0.010282128879825008 -0.0012039374764252746 2.8720263938061983
iabi01v2q_single_sci.fits 1136 2.626 4.6916 0.6885 0.022031041699153976 0.011417436252061127 0.014007715080093077 -0.005444284873531679 2.863200703354182 0.10748578022501949 0.013503885139940268 -0.005330474308518095 2.850425242855165
iabi01v4q_single_sci.fits 1160 2.6294 4.7565 1.2392 0.02017626334514653 0.011399949179014476 0.013164758596328888 -0.005319133878079991 2.865529151892651 0.09882295424504173 0.012113706421847358 -0.00521753921552217 2.853802578170123
iabi01v6q_single_sci.fits 1191 2.6364 4.7907 1.4206 0.02128766162157773 0.011359752374941006 0.01414944939571342 -0.006390730298284973 2.87050484816601 0.10804092702990355 0.01249255304520619 -0.005453009526283801 2.853448747265266
iabi01v8q_single_sci.fits 1085 2.6391 4.7363 2.312 0.023448124119502717 0.011619859076421468 0.014916134681217205 -0.008196300259074241 2.877302415106795 0.09863898535677423 0.012396473829310514 -0.007249757259993287 2.8609713212694623
iabi01vaq_single_sci.fits 1067 2.6401 4.6912 1.1098 0.022128058579484088 0.01175123363770463 0.012649605148329171 -0.00812957361939551 2.878487445054027 0.11351884010571682 0.01168890896806088 -0.007682444800133301 2.8566753723582092
iabi01vcq_single_sci.fits 1066 2.6357 4.74 0.6855 0.02146041497890512 0.011181741011435481 0.013200530948788227 -0.007068724766562777 2.8727488212382744 0.11481987918974916 0.011357128738072486 -0.00656736979973879 2.8598589082632158
iabi01veq_single_sci.fits 1071 2.6293 4.726 0.3217 0.02116522483807012 0.01151466326611785 0.012415224764541504 -0.005850579601780437 2.865909162788796 0.10776674833221601 0.01110225173145364 -0.00521443002763898 2.855799793019088
iabi01vgq_single_sci.fits 1047 2.6296 4.7116 -0.1465 0.020926639228595955 0.011812614499317278 0.013377177900734111 -0.005801114230553597 2.8664619854756332 0.10348502083342137 0.012552709122906172 -0.005371809437698156 2.8589025857153354
iabi01viq_single_sci.fits 966 2.6342 4.7743 0.423 0.021319227712334986 0.011269732279805445 0.01403913117512232 -0.005382846354546106 2.867450366074637 0.0830724359502534 0.012739725694209288 -0.005126505876900557 2.8612269410371276
iabi01vkq_single_sci.fits 971 2.6362 4.7637 0.3852 0.02156222600207286 0.011962187711242698 0.014824967787984374 -0.0049684275543902465 2.867230145733224 0.08982501289722489 0.013214103337307576 -0.004417487119328521 2.856473250786463
iabi01vmq_single_sci.fits 1032 2.6369 4.7499 0.5633 0.021771574718838248 0.011714143668775634 0.013892083034014329 -0.0054617096154978735 2.867346979505769 0.08940796364344161 0.012884708832774785 -0.005067320049618799 2.8614244255959465
iabi01vsq_single_sci.fits 1026 2.6548 4.7525 0.86 0.021321722947356972 0.011323615252509214 0.013681356661408411 -0.008092227640508891 2.8795735752883944 0.08901643614098109 0.01246665924770924 -0.008136923355843444 2.8755255627830927
iabi01vvq_single_sci.fits 1079 2.6463 4.7336 0.1413 0.02131718649622047 0.011413711490326037 0.013749191970951974 -0.006749077442889671 2.877991788609895 0.09663355324923652 0.011834907837019359 -0.006830994676258684 2.8759875160707553
iabi01vxq_single_sci.fits 1092 2.6327 4.7135 -0.2136 0.02201331739316114 0.01170460714906843 0.01309697497544631 -0.0068416634686088796 2.8721083726317236 0.10133848188403653 0.01184832743565969 -0.006826523458616587 2.859661985362455
iabi01w0q_single_sci.fits 1088 2.64 4.7172 -0.6408 0.022482492724864307 0.01197374288906176 0.014354286400393958 -0.006224280673048017 2.875342523321162 0.09990094210485949 0.012929478437315815 -0.005628036180689265 2.860743563641583
ib6v01ebq_single_sci.fits 877 2.639 4.7088 -0.3267 0.019017251852279378 0.011501072578886065 0.01251429972263082 -0.002754030063192047 2.860725404680615 0.08343113274224062 0.01138469709031022 -0.00329683722557861 2.8499120355820313
ib6v01eeq_single_sci.fits 909 2.6228 4.7187 -1.1891 0.019705547965463262 0.011724742389453256 0.012488811570252115 -0.0019952782868523774 2.852557269374682 0.07988265690189553 0.01052769680977783 -0.0013271932406122454 2.8479780835378987
ib6v01egq_single_sci.fits 876 2.6331 4.7484 -0.9249 0.01967620503215139 0.01145979085094804 0.013401702398736188 -0.002106571792583176 2.862044807428077 0.08514405197245865 0.01154586055799949 -0.0018484040253278684 2.8502272585146695
ib6v01ejq_single_sci.fits 946 2.6234 4.7407 0.4467 0.020025196085295578 0.011334951728837276 0.013668142743658955 -0.0020987319263944433 2.856425375944534 0.08058972149827964 0.0117846379398408 -0.0019462799555676111 2.850022783711008
ib6v01elq_single_sci.fits 762 2.6657 4.7606 -0.3723 0.01862212115829498 0.011327889926253729 0.014266095672783745 -0.0029605040690030234 2.8752721925161517 0.07706410017865946 0.012489385355558167 -0.0035873789333782506 2.8603559717572145
ib6v01eoq_single_sci.fits 902 2.6384 4.7777 -0.8505 0.019196434036429615 0.01132928279882062 0.013041418128066742 -0.0022514353016558656 2.861232583980491 0.07643201995773415 0.01121945012951039 -0.0022891947295874526 2.8603398717101505
ib6v01eqq_single_sci.fits 770 2.6532 4.7582 -0.5625 0.018201529847290482 0.010861096172228038 0.012695361244529607 -0.0018971037377174408 2.8670009128504415 0.07413512394016526 0.011327876974488484 -0.0028083549109451733 2.8564387562647133
ib6v01etq_single_sci.fits 931 2.6294 4.7664 0.8081 0.02006145232834973 0.011769044615157247 0.013022919303862847 -0.0020630346168990423 2.8587131450124073 0.08170545213978204 0.010455336196987767 -0.002274553863278516 2.849106107473977
ib6v02a1q_single_sci.fits 727 2.6604 4.7872 0.4903 0.018223703864168602 0.011016144450304678 0.012780731995192252 -0.003206948935442834 2.8697419096658248 0.06738762071042112 0.01219772591396201 -0.002992403214271382 2.8628770432247332
ib6v02a4q_single_sci.fits 824 2.6414 4.7817 0.1667 0.0188999565848424 0.011202562920614393 0.01248343479271697 -0.003032471036710571 2.865451677314397 0.07498744913873898 0.01108778634909464 -0.00246979064881692 2.856017503793743
ib6v02xsq_single_sci.fits 719 2.6455 4.7021 2.6643 0.01826812504451825 0.011268102186287158 0.012454372799816737 -0.0051080825218896885 2.85711902544965 0.07075751179899101 0.011729276140259655 -0.0043904967652101876 2.848044900204454
ib6v02xvq_single_sci.fits 809 2.6311 4.7127 1.924 0.01971061069608708 0.011365738364047513 0.013548153599436794 -0.004578466027182267 2.852005900866896 0.07455869744593883 0.012511545358932773 -0.0033945926149025808 2.8570755896007016
ib6v02xxq_single_sci.fits 717 2.654 4.7535 0.4535 0.01787197986124373 0.011164857221799837 0.01347995707489414 -0.0037273115580597873 2.8642504143042915 0.06490051218992678 0.013000957804378094 -0.003187684708774629 2.865774932691754
ib6v02y0q_single_sci.fits 818 2.6348 4.7168 -0.1026 0.018542012642923933 0.011317622466434212 0.012397020471343102 -0.0025284363987106906 2.8553484046143365 0.07063286716028715 0.012354220608380517 -0.0022527218232927197 2.8615136307027864
ib6v02zvq_single_sci.fits 745 2.657 4.7674 2.5591 0.018647574850395764 0.011115391376654191 0.012070441463078486 -0.004982151458624871 2.872959423016425 0.07697056639374199 0.010812797627361656 -0.004670141950046843 2.8606587608191822
ib6v02zyq_single_sci.fits 807 2.6393 4.7639 1.6332 0.019769302115080174 0.01132723790788886 0.01219023635004714 -0.004883757408190319 2.863636301874568 0.0758002004945942 0.011497777167806113 -0.004462882048400597 2.8639509234164824
ib6v03idq_single_sci.fits 587 2.6642 4.8015 -1.4384 0.017434672243641758 0.010752793781090475 0.012498048520499926 -0.0013630346470543896 2.8654875289326673 0.06394708438520069 0.011609874442975454 -0.001698128278434139 2.8734332048021893
ib6v03igq_single_sci.fits 611 2.6492 4.805 -1.9391 0.017813379024219495 0.011233846297776545 0.011685208788808256 -0.001027283733181352 2.86112196843056 0.06354009892320377 0.01078226055461389 -0.0006417590668886006 2.868497645795103
ib6v03iiq_single_sci.fits 591 2.6693 4.7409 -2.3673 0.018853051002695305 0.010990892647368397 0.012349032051557341 0.00014930889279079815 2.8744680799497417 0.06391822956506224 0.010375788995140498 0.00043884947864783415 2.8709931011054968
ib6v03ilq_single_sci.fits 623 2.6546 4.7768 -2.1644 0.017554958126269966 0.011222881358207265 0.011613445420180496 0.0012287903848005246 2.8712805161842647 0.06465108048108287 0.009906862170454672 0.0008890724552274213 2.8659294106233286
ib6v03inq_single_sci.fits 584 2.6658 4.8001 -1.1038 0.017380427644300464 0.011033093949570003 0.012728541705372364 -0.0012977381160956605 2.871005714521707 0.06524783203382484 0.010604186051890344 -0.0014688787866862878 2.8673489600052084
ib6v03iqq_single_sci.fits 613 2.6605 4.7771 -1.5242 0.017614817847289212 0.011181343739348332 0.01288679624271142 -0.0011469413044715782 2.870071028150103 0.06511225271635279 0.011353915252409903 -0.0007389745226632581 2.8762609173916704
ib6v03isq_single_sci.fits 646 2.6534 4.8164 -0.8847 0.017972096605935357 0.011269814409105607 0.012264291100922892 -0.002047799565775797 2.863796041651778 0.07655498371545971 0.01199921367407597 -0.0014172333025974527 2.8644614296160626
ib6v03ivq_single_sci.fits 668 2.6444 4.7981 -1.3175 0.019151473255006397 0.011458878200911047 0.01315961325284064 -0.001831764754197895 2.8643251696462766 0.0721397086098389 0.011384724162663454 -0.0006703872524104816 2.863835033024445
ib6v04afq_single_sci.fits 571 2.6701 4.8275 0.7018 0.020368989330146366 0.01169229790775455 0.013906334762271006 -0.003326280367057441 2.8714137913942954 0.0796109203998462 0.012027726947169255 -0.002954291611860812 2.866187310986494
ib6v04aiq_single_sci.fits 535 2.663 4.8191 -1.5259 0.019233573467118424 0.011079547676236562 0.013864829706558928 -0.0017715982815535642 2.86689456822571 0.06724250198661756 0.010963771743648171 -0.0018157282891575056 2.8629473428658905
ib6v04akq_single_sci.fits 475 2.6807 4.739 -2.3477 0.016462504428330818 0.010697661091399443 0.011630704421210248 -0.00045814992021996125 2.868663818518147 0.06110257908672955 0.011296466979021348 -0.0003505705671600107 2.873726142964879
ib6v04anq_single_sci.fits 560 2.6467 4.7068 -2.0092 0.018131556945764044 0.011264296853834531 0.010868638617448365 -0.0012618002647740859 2.8526163439736263 0.0734751698010421 0.010293398572455478 -0.0008301640993005294 2.8658944265726864
ib6v04apq_single_sci.fits 474 2.688 4.7746 0.5842 0.017800304667319997 0.010615736590028044 0.013839967132440666 -0.0027643458929039874 2.875677822988777 0.06286253310863776 0.012824860282000873 -0.0022402909399486266 2.875891294878769
ib6v04asq_single_sci.fits 499 2.6679 4.7812 -1.4032 0.0179230880973751 0.011377995212627626 0.012844236411206932 -0.0011282134535104031 2.866853211407841 0.058612876588919206 0.012741781124100876 -5.942482371681222e-05 2.872657619468285
ib6v04auq_single_sci.fits 479 2.688 4.788 -2.1071 0.017193785577647055 0.01090135410990268 0.014025974365876397 -0.0005323201647274573 2.8714977183575954 0.05720519629646708 0.013579848070348604 -3.2416721714019496e-05 2.8798703056370165
ib6v04axq_single_sci.fits 472 2.666 4.7713 -1.7672 0.01888544401583771 0.011159182294076926 0.013491171154060316 -0.0014926544780104925 2.862639279899028 0.06302734850050903 0.012166666773068057 -0.0012834357765621166 2.873142364916453
ib6v06cjq_single_sci.fits 428 2.692 4.8163 2.2534 0.018277702530027674 0.010014199061874968 0.015146989178476015 -0.003688445902032967 2.8769706230676846 0.056148343755952755 0.01324049292134128 -0.004014627039340218 2.876183672896627
ib6v06cmq_single_sci.fits 522 2.6603 4.7762 1.1898 0.02003023998502733 0.010714684882971412 0.013991800931751244 -0.004568612595675526 2.865855072374843 0.058703967948015044 0.012749204090537654 -0.003913085811630896 2.8653890316049275
ib6v06coq_single_sci.fits 384 2.7017 4.8612 -0.1951 0.01816087598677755 0.010763304937815878 0.014511312885600095 -0.0028792708409782143 2.8768007601789614 0.05958796135282149 0.012351922220730348 -0.0024811152298536854 2.877675668860104
ib6v06crq_single_sci.fits 503 2.6435 4.8251 -1.041 0.018788428005828438 0.011705793952955663 0.012133240609427793 -0.0009470497182435591 2.863969748904138 0.06645471365312909 0.010363579251709122 -0.0003493843369893897 2.8595965842428663
ib6v06ctq_single_sci.fits 397 2.6964 4.6784 2.3368 0.01713671812042853 0.010480914445365716 0.014671194590323492 -0.003760020957558453 2.8736145690516954 0.054803729983783224 0.011682347552506049 -0.0032334094732916923 2.8800722306762174
ib6v06cwq_single_sci.fits 516 2.6572 4.6852 1.3943 0.01967498699141755 0.011351163915227858 0.013102080015332543 -0.004445737748978686 2.863227290979774 0.06290078940598001 0.011857356005303795 -0.004172112209887488 2.8708002384241267
ib6v06cyq_single_sci.fits 392 2.6978 4.7287 -0.3271 0.015854872458438283 0.010332611567077713 0.012303378974908168 -0.0022860085206253835 2.8772160027585096 0.053083739681574295 0.011787488561019438 -0.0026770048020143687 2.881536714760592
ib6v06d1q_single_sci.fits 498 2.6514 4.7515 -1.0103 0.01968447791150854 0.010938557017623647 0.011994519442427833 -0.001920153410861387 2.863646759841333 0.06558951207086326 0.010974926332302858 -0.00041120270264508025 2.876185849183401
ib6v07xgq_single_sci.fits 482 2.6686 4.7019 -1.5525 0.01848846012100578 0.011025273280854387 0.013049934938381712 -0.0031755260363847937 2.8642333620084792 0.06400604207754772 0.012317415797793142 -0.0027547147446445536 2.8710976105389587
ib6v07xjq_single_sci.fits 503 2.6455 4.7009 -1.0415 0.018065891243512655 0.01114388808680396 0.013137953581714474 -0.002847181463636322 2.857044203911835 0.06260709194600948 0.01252208192301367 -0.0026869789982862683 2.8618842214101927
ib6v07xlq_single_sci.fits 482 2.6755 4.7511 -1.3945 0.017449995909472278 0.011083212021155338 0.011138692205811138 -0.003446879873188556 2.866368348910191 0.06145624750337073 0.010679025652261122 -0.003024022012696884 2.8732493555608967
ib6v07xoq_single_sci.fits 515 2.6493 4.721 -1.0705 0.018587524728170355 0.010839894809404858 0.010287607787788571 -0.0030504716606044734 2.857464056528464 0.06147464732189338 0.010526279176967437 -0.0029547431581974674 2.867744192509318
ib6v07xqq_single_sci.fits 502 2.6745 4.7823 -1.6292 0.0190354965474729 0.011433484683913659 0.014966282007299854 -0.0034668697992618937 2.878377765995572 0.0662324737538329 0.013755239213190676 -0.0034599951414608417 2.874741497914316
ib6v07xtq_single_sci.fits 518 2.6526 4.7826 -0.9097 0.018818897089298306 0.011388604886926725 0.014969669733866653 -0.0031466900251675566 2.860796148279321 0.06290691310493664 0.013016718035573232 -0.0027898290780917732 2.869186389859609
ib6v07xvq_single_sci.fits 478 2.6714 4.7511 -1.1292 0.018160360229544238 0.011026248284019869 0.014294519345037691 -0.0034589512532095436 2.869345979288811 0.06277412974008266 0.012512863628768658 -0.002999573377648089 2.8736620764698975
ib6v07xyq_single_sci.fits 524 2.6508 4.7782 -1.1763 0.019724645836462676 0.011123013507959571 0.012471266100654698 -0.0028873155909624826 2.8600558186281164 0.06612495318211914 0.012332937764485729 -0.0033913661414954905 2.8694875879407507
ib6v08xuq_single_sci.fits 547 2.7003 4.8015 1.4955 0.01962477483605699 0.010929620333286226 0.014579001099949335 -0.005944762988805592 2.8893427130201865 0.06899920392283063 0.012658328930725164 -0.00548620319183881 2.883881545839846
ib6v08xxq_single_sci.fits 589 2.6695 4.7741 -0.2202 0.02024618330492052 0.011379041193605782 0.013688305101999034 -0.005796909559715508 2.8665573066306527 0.06605641147409247 0.012472272328391336 -0.005078253566382246 2.8740466929620854
ib6v08xzq_single_sci.fits 571 2.681 4.7406 -1.8809 0.018257769820722844 0.011125109668392901 0.013229559698111976 -0.0031151110101700634 2.87059971683745 0.06171508728095294 0.011720727996196837 -0.0030474609412018206 2.8744418509719325
ib6v08y2q_single_sci.fits 522 2.6429 4.7572 -1.7047 0.019138076114831114 0.011296373779606735 0.010019993240116227 -0.0026387191086029186 2.8596215622299086 0.06505261767248102 0.010703704862189689 -0.002029482008068359 2.865646056295222
ib6v08y4q_single_sci.fits 497 2.7004 4.788 1.4765 0.02051066464104226 0.010831526528533066 0.014391542148985303 -0.006168719148686515 2.885633465833482 0.06374179134386253 0.013334351133116552 -0.006769646217035548 2.8884533903514447
ib6v08y7q_single_sci.fits 590 2.6635 4.7789 -0.1899 0.01877821998721002 0.010783724842932834 0.012446063043616578 -0.004846185898712871 2.8687877089393927 0.0683562453592247 0.011872590962865661 -0.0044707617533001785 2.8761556860654354
ib6v08y9q_single_sci.fits 511 2.6909 4.8142 -1.6829 0.01935108330693019 0.010918595101182493 0.014429702164488628 -0.0033153332037435855 2.8765428802605104 0.062025306619569724 0.011943273992316183 -0.003987885519206831 2.879304453826621
ib6v08ycq_single_sci.fits 580 2.6453 4.7974 -2.6241 0.01896942960285173 0.011223498233916567 0.011020275957663096 -0.0022562423312997007 2.860265532102736 0.068331486720423 0.009978714397048831 -0.0018825125632811763 2.8626016631464677
ib6v09taq_single_sci.fits 571 2.6577 4.6947 -0.9017 0.0175484103978873 0.011246589842107385 0.011714376005684594 -0.002929510544348644 2.863638813964332 0.07110636549943349 0.011436346231435282 -0.0025049983922965182 2.8660779489592496
ib6v09tdq_single_sci.fits 586 2.6427 4.7124 -1.0228 0.018579777902870583 0.010875414770117902 0.012860316053783846 -0.0037576009333423963 2.8555085684220725 0.06513059422964591 0.011535696109846661 -0.002190462265944359 2.8583214999302324
ib6v09tfq_single_sci.fits 533 2.6643 4.7266 -1.649 0.01658384980468986 0.010763873390352275 0.011390603308882747 -0.0028239289559094 2.8671264490158297 0.061880023789879314 0.011281674576366202 -0.0022305675274484162 2.8685023476154683
ib6v09tiq_single_sci.fits 624 2.6459 4.7877 -2.4463 0.017478234476840306 0.011555673723435961 0.00962445297622692 -0.0013442717429311586 2.8617230635820246 0.07679886484029345 0.009849411471132243 -0.0013848056664898059 2.8631860898797576
ib6v09tkq_single_sci.fits 577 2.6635 4.7671 -0.2338 0.01796823691986543 0.011306653911777098 0.011629521262130732 -0.0030758195278508876 2.866127038787739 0.06726008088944642 0.011583985566199932 -0.0024349231699485004 2.872096851745096
ib6v09tnq_single_sci.fits 576 2.6448 4.7374 -0.668 0.017623699461716116 0.010820749999873645 0.011848785406471211 -0.0038345624508056824 2.861563785022292 0.07052637110865904 0.012176310593104998 -0.0032234374273294427 2.8603608056375807
ib6v09tpq_single_sci.fits 617 2.6623 4.8423 -1.4987 0.019222047907523458 0.011475872270534837 0.013294977586908783 -0.0029577233234710423 2.866116328443689 0.07055920208456079 0.010731153389306648 -0.0021394666571881754 2.8659548265305026
ib6v09tsq_single_sci.fits 640 2.6468 4.7873 -2.3287 0.017727170775302427 0.011467174614725913 0.010105374099512836 -0.0022478163746098333 2.8601534313583734 0.0768558414398966 0.009807905267546175 -0.0023058132970209333 2.8613342677552485
ib6v10o4q_single_sci.fits 644 2.6605 4.725 -1.4976 0.018495362027036395 0.01078332075602939 0.013833272652790586 -0.003580425615339951 2.868059202877909 0.07047066301125901 0.011915157771249192 -0.0026321105127041404 2.8610300600783045
ib6v10o7q_single_sci.fits 764 2.6324 4.7327 -2.1517 0.018901675676307225 0.011443167712387013 0.012285449688240167 -0.0018426638264888782 2.858121168460274 0.07657869210823119 0.011155198100930318 -0.002394803622502638 2.857331792776462
ib6v10o9q_single_sci.fits 699 2.655 4.7856 -2.4033 0.017554222251416726 0.011546211910228612 0.012129349408014217 -0.0013357778488531549 2.8704706436597087 0.07531725712519947 0.011848477907463106 -0.0015903344834318957 2.8644048641401407
ib6v10oeq_single_sci.fits 701 2.6573 4.7831 -1.4478 0.01932388004611981 0.011299792390792998 0.012619143708963826 -0.0027581857463143526 2.870627735565387 0.08021665175200407 0.011827636689080196 -0.0030406232876235254 2.8720451244409477
ib6v10ohq_single_sci.fits 777 2.6428 4.7795 -2.5846 0.019535661802995527 0.011472358899773969 0.012529108992141231 -0.001652237113581603 2.8598505513576935 0.06959989160604896 0.011624188784370345 -0.0023804496971478106 2.8610726309057193
ib6v10ojq_single_sci.fits 724 2.6483 4.7641 -2.3929 0.01885897062961834 0.011445862419337344 0.012846965353990015 -0.0013108660471902497 2.868296101981751 0.07888931298844862 0.0120963858017548 -0.000743822651183526 2.8666433457970677
ib6v10omq_single_sci.fits 806 2.6307 4.7594 -1.7124 0.020038390769092883 0.011974568323859217 0.011990276417078956 -0.00187839372220858 2.8566142770048186 0.0828366426931185 0.011475254634371044 -0.0019525085400648374 2.854288162220975
ib6v11lrq_single_sci.fits 844 2.6323 4.6852 1.5587 0.018383909929932538 0.011273254167134312 0.010645938609363338 -0.004016691655831346 2.8573082099100184 0.07573771793155795 0.010063978522194785 -0.003824629410511943 2.8473722203490324
ib6v11luq_single_sci.fits 907 2.6242 4.708 -0.3743 0.01846902994211467 0.011709104688298156 0.011595884904506911 -0.0026428280658177625 2.854812268392059 0.0901874821311863 0.008806299005904157 -0.0022512063748505906 2.8480476892371622
ib6v11lwq_single_sci.fits 811 2.6609 4.7799 -2.2981 0.017474636660549943 0.011469834380788411 0.010728960459884734 9.01139328080007e-05 2.8777359876698507 0.07986245858400781 0.00933763050313416 -7.736291029913475e-05 2.8677009882072557
ib6v11lzq_single_sci.fits 929 2.6497 4.7897 -2.3016 0.018724797615685587 0.011297733184051487 0.01060684109164593 0.0017118545631092435 2.8737991658125526 0.08074388402511579 0.009062739672401463 0.0018377292814920406 2.8717426291439083
ib6v11m1q_single_sci.fits 854 2.651 4.7537 1.8251 0.01944260743831927 0.01127492639021827 0.012941163199362261 -0.003741622422404123 2.8767325970025848 0.0806329196612724 0.011454651307069543 -0.0038108673628569766 2.8633220295744612
ib6v11m4q_single_sci.fits 918 2.6271 4.759 -0.3462 0.01958173056769482 0.01157151921785288 0.011036601213192578 -0.002083161001214748 2.8623609677704254 0.08369825894583831 0.009818458485987626 -0.0020496898134303304 2.8572892206978224
ib6v11m6q_single_sci.fits 852 2.6591 4.7886 -2.0628 0.017020145260263048 0.011535927214213641 0.010364696018420584 5.3403774093852607e-05 2.8782860011015154 0.0840912501891259 0.009021898276510485 0.0005893034540164095 2.868691466060871
ib6v11m9q_single_sci.fits 922 2.6495 4.8102 -2.4611 0.018681363520687718 0.011505377244696326 0.010576684343284608 0.002272606043692953 2.8767590771232507 0.08121161386751655 0.007876478566219841 0.0016943412286195918 2.8596423543192344
ib6v12ncq_single_sci.fits 1072 2.6481 4.7565 0.161 0.018385542053604504 0.011505931413399688 0.010755452032089486 -0.00026648880855149046 2.879354697324149 0.09260087408652813 0.00964227343732379 -0.00019097419054175404 2.8691824736128866
ib6v12nfq_single_sci.fits 1141 2.6248 4.7462 -1.0238 0.020127935961873945 0.011773610221058663 0.010793958019223771 0.0006805949803656302 2.8676440634157556 0.09853343174754076 0.009342951656260657 0.0003626696372073513 2.857766287713883
ib6v12nhq_single_sci.fits 1057 2.6614 4.7573 -1.8752 0.018568575050122424 0.011585431515781855 0.012067830182213433 0.0012370686739717886 2.888195124450692 0.08629644037948415 0.009411027506990391 0.0013606126855070738 2.8710727743065667
ib6v12nkq_single_sci.fits 1124 2.6368 4.7163 -2.0247 0.019140061814826394 0.01166533949930165 0.010877415241167438 0.00020524504148733815 2.873412842340702 0.09098670751157428 0.008842093160995629 0.0011446170441630574 2.8593454718906544
ib6v12nmq_single_sci.fits 1120 2.6552 4.7776 0.3179 0.018934157514733894 0.011466101436131958 0.011101997064823607 -0.0005379921077872101 2.8863608155336515 0.09163303285277717 0.010273175791150292 -0.0007318161956733345 2.8664947126388514
ib6v12npq_single_sci.fits 1187 2.6327 4.7622 -1.3497 0.020023260161989857 0.011885424976681918 0.010566892583610763 0.0003088980687523339 2.8728633255260316 0.10047542530806634 0.00926897678728447 -0.0004481009643674198 2.8548824763094043
ib6v12nrq_single_sci.fits 1156 2.6503 4.7753 -1.9699 0.019490328169042892 0.011868540204635097 0.01097147621101361 0.0015506157633414838 2.888021380168932 0.10127913188341169 0.008789627792870597 0.0014346757127808802 2.864319231947301
ib6v12nuq_single_sci.fits 1186 2.6308 4.7568 -1.9053 0.019831863627984503 0.011923868703632896 0.009094866633821915 -0.00011745580798581376 2.8708342798476743 0.09822918537747924 0.007200103576509621 0.0003172998985633169 2.8535371359654293
ib6v13yvq_single_sci.fits 1022 2.6651 4.7786 4.205 0.02243767208392242 0.011551557966561125 0.013700801293907916 -0.006829086899461906 2.892702819006224 0.09012285349099101 0.012793801823644726 -0.007582973458037278 2.8828599223724347
ib6v13yyq_single_sci.fits 1077 2.6298 4.7448 3.1521 0.022702855777206873 0.011520823465714996 0.014899961701154275 -0.006510659381863528 2.872279300105913 0.0957727169886939 0.013768986900987963 -0.006715496885722346 2.8603218606564034
ib6v13z0q_single_sci.fits 1059 2.6352 4.7301 1.7009 0.020734727215166705 0.01194090194106587 0.013131206969086111 -0.005429303136859948 2.8754094483327166 0.09902112693351932 0.013185965396387464 -0.006122066455588758 2.860247808357845
ib6v13z3q_single_sci.fits 1116 2.6036 4.6921 1.2614 0.021439011440533597 0.01189424049195674 0.011832967148246831 -0.004388990036348916 2.8552231437134767 0.1008117286472702 0.012140015359211817 -0.004265441376428914 2.8420462981815
ib6v13z5q_single_sci.fits 1056 2.6711 4.7266 4.8924 0.021693637537736878 0.0115786807784046 0.011974377168776692 -0.007135108109685418 2.900871216816787 0.09362497893874629 0.011972618074052262 -0.007782918954285292 2.888877134630788
ib6v13z8q_single_sci.fits 1086 2.6288 4.6845 2.9905 0.02229918793023448 0.011791791881754301 0.0116330637886644 -0.006362134880081343 2.873205710643238 0.1007812447112358 0.011985640160915488 -0.006911599838892647 2.86808928458845
ib6v13zaq_single_sci.fits 1067 2.6351 4.6983 2.2819 0.021102665164004955 0.011688852865597192 0.013074609431562018 -0.005244444904134016 2.8742216638966833 0.0938074308099825 0.012556143697833021 -0.00543805256221766 2.861898888429686
ib6v13zdq_single_sci.fits 1124 2.6078 4.703 1.0812 0.022383059521206925 0.011903178360622825 0.012394433972772248 -0.004707748800573602 2.8610696825786066 0.10299491969276293 0.012301650406845811 -0.004840939613561495 2.8452639254133665
ib6v14d1q_single_sci.fits 1011 2.6801 4.7489 4.8975 0.02248270000747373 0.011590036712893442 0.01515871065185719 -0.0083807673068276 2.9058830417345898 0.091533064469458 0.013198141117117371 -0.00863103184834828 2.883234428237064
ib6v14daq_single_sci.fits 1015 2.6754 4.7607 5.3214 0.02134457161865289 0.01143628522666477 0.013100649708715611 -0.006457889083572031 2.9016213702031735 0.09145109257559393 0.012198558756717843 -0.007030699009433439 2.8821886044303278
ib6v14ddq_single_sci.fits 1016 2.6635 4.7709 4.9433 0.021989687766998174 0.011585001416816811 0.013079522565803518 -0.007189855224056137 2.896222547784152 0.0997501503246266 0.012516101588285703 -0.007410220265934291 2.8791227203889136
ib6v14drq_single_sci.fits 956 2.6401 4.7052 2.8529 0.02136015198269022 0.011393961172922913 0.013895285245809614 -0.005133193242298739 2.878842126308082 0.09344574284742327 0.012725763026227195 -0.0055517626148976025 2.8640226818721652
ib6v14duq_single_sci.fits 1046 2.6182 4.6997 1.9044 0.021247445242549717 0.01169073148389657 0.01330480852548254 -0.004569688733540137 2.861769548036536 0.09754093098432205 0.01232884525582973 -0.00485688385771083 2.852017649539685
ib6v14dwq_single_sci.fits 1054 2.6703 4.7259 5.2913 0.021822729667061704 0.011577318112970377 0.01341468996182614 -0.006699694280682421 2.8984541253204448 0.09324094802319483 0.012385013843593752 -0.006905740615342361 2.8840715359866254
ib6v14dzq_single_sci.fits 1107 2.6256 4.7202 3.5728 0.022390253372432608 0.011641467123695265 0.012906291808373771 -0.006947647045674982 2.8701031702716633 0.10259632598555526 0.012201688032939143 -0.006807851297615407 2.8621089617194815
ib6v14e1q_single_sci.fits 1035 2.656 4.7584 3.0057 0.02278206242172819 0.011667673494973973 0.014677752522016793 -0.005228971101185047 2.8859966170149502 0.09655982495328146 0.013140885499717895 -0.005821507887301131 2.8735677046873827
ib6v14e4q_single_sci.fits 1071 2.62 4.7371 2.0436 0.022521938919462168 0.011958772389846248 0.012840409798510453 -0.00517750399364714 2.864262432163573 0.09884816310971622 0.012111085098066986 -0.005338618841173426 2.8537710893980535
ib6v14e6q_single_sci.fits 1045 2.6723 4.756 5.6152 0.021481033577157038 0.011651769363971162 0.013152862383721898 -0.007058509292034892 2.9003467495540636 0.09767110669231463 0.012169698925155245 -0.008031894411424507 2.8878910515851444
ib6v14e9q_single_sci.fits 1057 2.6261 4.704 4.1059 0.022803578890742103 0.011633542919934906 0.012700775269688214 -0.007125590936871464 2.8694320770185087 0.10007835846981877 0.01268233885659222 -0.007876839226420181 2.8628014149129326
ib6v15caq_single_sci.fits 1045 2.652 4.7564 2.7075 0.020801097539907117 0.011379988224178404 0.01298651092108027 -0.006052698760252132 2.887480018277646 0.0944514730859821 0.012218116397774719 -0.006544244828947284 2.8725608826977296
ib6v15cdq_single_sci.fits 1130 2.6142 4.7329 1.4912 0.02207926107392277 0.011839700298851575 0.012725588235162531 -0.005643386253341379 2.8618121056257033 0.10308322122555544 0.012172710138797397 -0.005499192112663138 2.8454586270374143
ib6v15cfq_single_sci.fits 1078 2.6433 4.7608 0.5772 0.02116547021827484 0.011552717598179328 0.014043648057603834 -0.003935766016541109 2.883158246702537 0.09960951460038127 0.011950622972550635 -0.003923367064983203 2.866652574615511
ib6v15ciq_single_sci.fits 1003 2.5914 4.7487 0.3487 0.02343320974332504 0.011931349041420706 0.011905560699136295 -0.0039022566873543776 2.850509569018414 0.10141604378222165 0.011404469046807305 -0.004781136372732692 2.844405356175805
ib6v15cqq_single_sci.fits 1021 2.6457 4.741 3.2016 0.019999134605606934 0.01133154027986226 0.012215687738450977 -0.00636720548286083 2.881931535786329 0.09663195027825248 0.01121809340469823 -0.00683868428614012 2.8672937898240933
ib6v15ctq_single_sci.fits 1106 2.6204 4.7448 1.6414 0.021477277282012742 0.011514491844350914 0.01271005173752161 -0.005163685832644588 2.8650763715936147 0.0980175019579632 0.01210670505177124 -0.005102883031990655 2.8518756225476922
ib6v15cyq_single_sci.fits 1098 2.6397 4.7553 0.6465 0.02111461904552467 0.011616544590701171 0.013885095108265305 -0.004417345422096857 2.8758096113449154 0.0980060534275252 0.01307128932184587 -0.0048742115841916445 2.86590054512964
ib6v15d1q_single_sci.fits 1134 2.6052 4.7638 0.1459 0.022610055897441157 0.011845173188525116 0.014005071577227326 -0.003760952427700616 2.856018021370359 0.1003445089779275 0.011979160312002069 -0.003959155377067583 2.8448172468352393
ib6v15d5q_single_sci.fits 1055 2.6636 4.7282 3.372 0.022049345035380957 0.011604974763484367 0.01270222599761816 -0.006126305486650168 2.8952951451983213 0.10221317487361255 0.012411542135485778 -0.007168751319660103 2.8791373335334884
ib6v15d8q_single_sci.fits 1092 2.6277 4.684 2.1618 0.02182273266956182 0.011898829744234887 0.01211749192158479 -0.005822186353476417 2.871413217404265 0.09801752623841445 0.011715158352578615 -0.006012258938276524 2.8550248871022967
ib6v15daq_single_sci.fits 1097 2.6365 4.7055 1.0065 0.02065945976306424 0.011954180959496637 0.013295463918472078 -0.004236998499613319 2.8744138565846087 0.09613332403366752 0.01307647375251074 -0.004188247848062361 2.8617474037385553
ib6v15ddq_single_sci.fits 1112 2.6076 4.7121 0.401 0.021428737415629624 0.012225997933941185 0.012746031149885149 -0.004513996371011541 2.855018100936845 0.09868655543469433 0.011567414831318967 -0.004135263891442429 2.8439421385094708
ib6v16hjq_single_sci.fits 1056 2.6557 4.7521 1.7975 0.020618036560685976 0.011459086731463316 0.012688306978487971 -0.0061000151337092575 2.8843966425466494 0.0927279073890937 0.011114991706598694 -0.006297505259125074 2.8653103147745806
ib6v16hsq_single_sci.fits 1045 2.6586 4.7405 2.3223 0.021146750149637683 0.01128057220896061 0.014027738085778325 -0.0061135444792465785 2.8899774743487985 0.0890353349552195 0.012646335232152842 -0.0062591179527357235 2.8741432529657223
ib6v16hwq_single_sci.fits 1043 2.6588 4.7781 2.7403 0.021190820415886505 0.011557088242486309 0.01386173073175213 -0.006201442069846674 2.8871522916553714 0.08853690130041686 0.012263383714720523 -0.005982250269665095 2.8703582196434754
ib6v16hzq_single_sci.fits 1034 2.6399 4.7399 0.2384 0.02018233906939941 0.011410483258693333 0.013377296031829494 -0.004672779812741478 2.876584862964877 0.09397898191856922 0.01287355086535432 -0.004926647843745235 2.8624211459568376
ib6v16ikq_single_sci.fits 1018 2.6388 4.7151 2.9076 0.020100832244434357 0.011129569191716123 0.011672807390048334 -0.0070571792620978645 2.8761740717942317 0.09551694586441054 0.010908293681090343 -0.007124272215163261 2.8625010349431608
ib6v16inq_single_sci.fits 1092 2.6125 4.7105 1.5731 0.02038305003044802 0.011281553152085903 0.011866051737292724 -0.0057765285544284905 2.8610586262835214 0.09781593414125624 0.011238062642110802 -0.005382761724724579 2.847862929341005
ib6v16ipq_single_sci.fits 1042 2.6362 4.7393 0.9603 0.020669251590829836 0.011363306890907357 0.013359865452089345 -0.004453693987139708 2.879471008809939 0.11462531065754483 0.01289199132658379 -0.003916159476517508 2.85727781470022
ib6v16isq_single_sci.fits 1073 2.6078 4.7491 0.259 0.022171505662702127 0.011961710447311268 0.013416333445412112 -0.003677743640854637 2.8604068071933995 0.10539981276314322 0.011891751376544496 -0.003304027280905724 2.841482254331331
ib6v16iuq_single_sci.fits 1061 2.6606 4.7961 3.3069 0.020731497962470955 0.011044401467807254 0.013953802220197225 -0.006679507182478657 2.8907069614887564 0.10256954070805663 0.01166160775652811 -0.007006785153764375 2.8775156978619125
ib6v16ixq_single_sci.fits 1096 2.6269 4.7699 1.7385 0.021950799826854696 0.011333082022076783 0.013690928599637584 -0.005821625006183865 2.8703502242333774 0.10116943919500652 0.011857711757814698 -0.005783106353215281 2.8566125736381345
ib6v17msq_single_sci.fits 1063 2.6511 4.7651 2.0272 0.020246383973491964 0.011448913086419647 0.013944627881721353 -0.005353235433195464 2.883264993368412 0.08939291666381195 0.013064891727980052 -0.005679623883159024 2.8682481439270893
ib6v17n1q_single_sci.fits 1082 2.6526 4.7426 3.0078 0.022482947094176017 0.011441532579156338 0.014985724359983531 -0.005962014479433858 2.886061222236548 0.09934953670628158 0.012615112684595817 -0.005948448490448186 2.8656239773935956
ib6v17n5q_single_sci.fits 1021 2.6499 4.7548 2.5643 0.02098935409085095 0.011416814865881936 0.013476312027192718 -0.005713100929403727 2.8836016374206888 0.08744022741930953 0.012273923400447917 -0.006049393308447833 2.867493936815662
ib6v17n8q_single_sci.fits 1023 2.6393 4.7287 0.4492 0.020988912193007244 0.011495797133444143 0.01447478910098439 -0.004112440326062373 2.874024743540161 0.0926536995666898 0.012468867880951466 -0.004067551126473821 2.8598734169783517
ib6v17nrq_single_sci.fits 1057 2.6411 4.7419 3.1647 0.02075878029503359 0.011545827138526596 0.012095685350780734 -0.006598238913301974 2.878182090516199 0.09349391677702096 0.012090859418575845 -0.007356657050993813 2.8610713880116876
ib6v17nuq_single_sci.fits 1104 2.6147 4.7302 1.9026 0.020632590905521206 0.011644026012345172 0.01228596466722823 -0.004741528417721392 2.8620526146779315 0.09569586225342551 0.011701373162638546 -0.005185262063854861 2.8460948498389955
ib6v17nwq_single_sci.fits 1028 2.6365 4.737 0.8534 0.020700842418363917 0.01132443832801316 0.012968076752394458 -0.003980441770351157 2.8756836174369225 0.08987061678417127 0.012509419905905431 -0.003657020839656637 2.857950504867171
ib6v17nzq_single_sci.fits 1102 2.6075 4.7112 0.4281 0.02212271927104819 0.011758104052474079 0.012331641808107432 -0.00307000650408111 2.8552200958794955 0.09493076164232744 0.01161101497286343 -0.0030386548824911964 2.8463708653428004
ib6v17o1q_single_sci.fits 1067 2.659 4.7317 3.4508 0.022116982581580874 0.011940553652921512 0.012914558052353775 -0.006486471077368122 2.890767773363579 0.10776249108059491 0.012734699953092676 -0.006272010085143832 2.874259386898297
ib6v17o4q_single_sci.fits 1072 2.6245 4.7023 2.0433 0.021939254682031818 0.012055334850194374 0.013877461497934986 -0.005876177204424253 2.8662654150591966 0.09516584744653397 0.013175684527655074 -0.005856979512263353 2.855528524479345
ib6v18svq_single_sci.fits 992 2.6551 4.752 2.2271 0.020370652350533813 0.011413433775764694 0.013727832022021502 -0.0062007405173216896 2.883798316294219 0.08989114298400395 0.012565454238058063 -0.006568927608024702 2.8691420814969915
ib6v18syq_single_sci.fits 1080 2.6169 4.7408 1.2052 0.02087949744669699 0.011591921746701277 0.01284653120390386 -0.005120881816459815 2.8585384777480756 0.0906700988602049 0.012030882332638815 -0.005155814267419982 2.844986193708442
ib6v18t0q_single_sci.fits 1021 2.6468 4.7735 0.5244 0.021229373176417574 0.01153812717454507 0.01423832523010574 -0.004352669120124284 2.882524196057613 0.09214509812220717 0.012597128039610935 -0.005171040245882332 2.860147083233273
ib6v18t3q_single_sci.fits 995 2.586 4.7299 -0.4099 0.021483279930630816 0.011892107980186813 0.010867345537940958 -0.004242718219669639 2.8405212009105743 0.09667783058260107 0.010744325032779124 -0.0033402816723444653 2.842259952544277
ib6v18t5q_single_sci.fits 1056 2.6423 4.7511 1.8913 0.02138635732961646 0.011514283591781914 0.013661382886708382 -0.00601852228437633 2.87898290228995 0.09789109101558824 0.012445544590004074 -0.006867909176863608 2.862788444942293
ib6v18t8q_single_sci.fits 1097 2.6228 4.7379 1.4993 0.021022196127566735 0.011613578552463897 0.013256284409281595 -0.005389414828253009 2.8674711311881014 0.09824552041781436 0.012107144161818037 -0.005030666737333902 2.852038159439662
ib6v18taq_single_sci.fits 1049 2.6377 4.775 0.8542 0.020357793038821438 0.01147113196491227 0.013353633312551258 -0.004184744822837959 2.8765032074462096 0.09343490757302707 0.011695098675915182 -0.0045606179133621475 2.8577025475861793
ib6v18tdq_single_sci.fits 1126 2.6128 4.7624 -0.0653 0.02098390287094081 0.011759650888126225 0.013028824490904088 -0.0037019764951159925 2.857649662209128 0.09360536435344334 0.010393670171172001 -0.004138356785400922 2.8407917942352343
ib6v18tfq_single_sci.fits 1040 2.6477 4.7137 2.347 0.021115610975355664 0.011212726900283134 0.013532279606273765 -0.0061890374038474 2.8835317599683696 0.09736916018171356 0.010814454132553135 -0.006399617407987973 2.859532039844448
ib6v18tkq_single_sci.fits 1046 2.632 4.7312 1.0119 0.020627111263094626 0.011288761942506676 0.013590085480968083 -0.004691100453991957 2.8724185625115326 0.09806922145122858 0.011724602987833992 -0.004452855281393998 2.8512957137683856
ib6v18tnq_single_sci.fits 1125 2.6104 4.7165 0.3649 0.02190634035460077 0.011731610318729572 0.013579338364846988 -0.00426308361540886 2.8573705435797887 0.10255628202842772 0.011483313541722459 -0.0038026988095342805 2.842008749692007
ib6v19btq_single_sci.fits 1011 2.6357 4.7461 -0.5872 0.018164359431124877 0.011498991913746419 0.011781767943549137 -0.0025815941670651694 2.8700868444957885 0.08652494685133606 0.010877667169941282 -0.0023726715021946438 2.856173797152651
ib6v19bzq_single_sci.fits 956 2.6477 4.8166 -1.8807 0.01931143274161968 0.011641544143650432 0.012698096581683489 -0.0010272642678719728 2.880661912157536 0.08803492783937905 0.011499621360277434 -0.0009786585026562026 2.8606654679392576
ib6v19chq_single_sci.fits 1003 2.6379 4.7703 -0.5913 0.01845150524663164 0.011415839739717503 0.01164339285639451 -0.0025338147400957595 2.8725224305323684 0.08523594813350353 0.011884200615229403 -0.0023834054100695095 2.8573776366314236
ib6v19clq_single_sci.fits 954 2.6475 4.8185 -1.7647 0.01870824723974738 0.011482916554777855 0.012680042931001945 -0.0009407924858322485 2.8801878018605516 0.08559278073397891 0.011663852531020102 -0.0008216463998189207 2.8652786226112203
ib6v19d4q_single_sci.fits 1023 2.6342 4.7751 0.5741 0.01974641577158645 0.011484318554297896 0.013261824586325646 -0.0033021555221849127 2.8692777352705314 0.09741020571296524 0.012691660616925974 -0.0029547858595136197 2.852760049455613
ib6v19d7q_single_sci.fits 1060 2.6182 4.7678 -0.4193 0.02034309861595606 0.011938080004043767 0.013261300475012554 -0.002443084827006032 2.858727348853594 0.08417600987870963 0.01249930672211956 -0.0019101000920196138 2.840379145732012
ib6v19d9q_single_sci.fits 1040 2.6362 4.777 -0.814 0.01991602739584058 0.0120752422429108 0.01319461876815032 -0.0009569067930403452 2.8747942677975846 0.09927654025551579 0.011844118771875245 -0.0018541851790520635 2.8579082429876976
ib6v19dcq_single_sci.fits 1115 2.6204 4.8002 -0.9754 0.019832629835489692 0.011927576553168446 0.011271470235814178 -0.0001514673423613378 2.862727283039445 0.09507765031090068 0.009706275201911875 0.00020811347027527259 2.8454953015327273
ib6v19deq_single_sci.fits 1084 2.65 4.7889 0.8548 0.01890549710487787 0.01158956588908545 0.012308814821202952 -0.0020359172108923244 2.8794679435944355 0.0963810941813694 0.011123179996914135 -0.0019390836135583745 2.862166123081412
ib6v19dhq_single_sci.fits 1129 2.6258 4.765 0.2629 0.01965748792989648 0.011721081424885245 0.011472627472475525 -0.0009079934117327686 2.8660298312641905 0.09800354963784509 0.010212532321286367 -0.0005767179111482287 2.848887122461122
ib6v20ddq_single_sci.fits 1051 2.6561 4.8255 1.2325 0.02081141784232236 0.011325175330166129 0.013798712007382929 -0.004932995439253292 2.884710809518714 0.08929408517537174 0.01243914945364237 -0.005182933061968175 2.8660470053910174
ib6v20dhq_single_sci.fits 1047 2.6546 4.7536 2.7015 0.020969875961752368 0.011451234182652596 0.013507463209842962 -0.0056860669549944065 2.8860244772663943 0.09274343062810848 0.01319030192952604 -0.005529661896887104 2.8696922627659784
ib6v20dlq_single_sci.fits 1007 2.6428 4.8002 0.9464 0.021232151794611277 0.011431888604412913 0.014522562377905888 -0.004614015390412312 2.878231991037744 0.09681748806239586 0.013278342710051617 -0.00486278482623147 2.8572986555177704
ib6v20doq_single_sci.fits 1075 2.6495 4.7348 2.1567 0.021235823865036203 0.011578764557364216 0.014026982820612996 -0.005778109917472799 2.8832340589371435 0.09126367517563148 0.012772858757000122 -0.00495819601415089 2.868594244079781
ib6v20e7q_single_sci.fits 935 2.6354 4.7467 1.0658 0.020750113681939148 0.01148947282731975 0.013534792502626089 -0.0041124993142598225 2.87190443140137 0.09271360477953934 0.012354555735758525 -0.0041761491705275535 2.85626710954952
ib6v20eaq_single_sci.fits 1039 2.6175 4.7426 0.5144 0.02101780276860267 0.011801330765868477 0.013331725397287598 -0.003187393926247537 2.858498034298919 0.1035702967992234 0.012021064556653074 -0.0034061917306778514 2.8447661389396877
ib6v20ecq_single_sci.fits 1084 2.6354 4.7266 2.818 0.020407270344843957 0.01148987493862404 0.013098562243576882 -0.005978985575905119 2.8741089931564288 0.0949905175520472 0.010394760797124973 -0.005521973012720925 2.861184908642872
ib6v20efq_single_sci.fits 1121 2.6038 4.7076 1.9526 0.022089590634463988 0.011859072561053499 0.01199827556307152 -0.005258819249142102 2.85213070451341 0.09412111359387734 0.010892482855951825 -0.004937813398844593 2.852169183836008
ib6v20ehq_single_sci.fits 1063 2.6429 4.7619 1.2259 0.0210237793800103 0.011616752303488883 0.01387768437338396 -0.004391950135999773 2.883430749229996 0.09771487512819721 0.01205393512830658 -0.004956664499113972 2.862589224770076
ib6v20ekq_single_sci.fits 1118 2.6203 4.7536 0.9449 0.021451686497608313 0.012141194744881066 0.012877542000847338 -0.0043606364857692965 2.863255243074631 0.09970675816755686 0.012035928170861899 -0.004454102181869745 2.845112998737339
ib6v21f4q_single_sci.fits 1009 2.6678 4.8643 -2.3133 0.01797581850749647 0.011713530473597042 0.011662443348127185 -0.001004340475390925 2.8869334980194847 0.08804249539713983 0.010565681215964911 -0.0011081996757309948 2.8775605604734977
ib6v21f8q_single_sci.fits 986 2.6814 4.822 -3.5955 0.017991042429981452 0.011554254948822605 0.011559444058251671 0.0009314917928377429 2.902489635794866 0.09103175190871358 0.009357794188094378 0.0018917513056154137 2.8886243712832584
ib6v21fmq_single_sci.fits 967 2.668 4.8376 -1.528 0.018740931866304284 0.011263806436856198 0.012251186592576404 -0.0016039582603078213 2.8872023438438523 0.08341757009304844 0.010943570265182815 -0.0017761181949675364 2.8785436124084836
ib6v21fpq_single_sci.fits 985 2.6736 4.8031 -2.7446 0.018114891471353214 0.011544452177520035 0.012080246209082404 0.00024045225720071653 2.896770409812418 0.0868718030615161 0.010087626909681456 0.0007032123790037451 2.8818298623173955
ib6v21h6q_single_sci.fits 1039 2.6459 4.8192 -1.1358 0.02026189860047018 0.01170141222773408 0.012343595178485742 -0.0031689246539928547 2.8747951174853377 0.08735376102744692 0.011940224776062987 -0.0022000640015719703 2.863637913589553
ib6v21h9q_single_sci.fits 1067 2.6288 4.8083 -1.3192 0.020443468322580583 0.012225531927010154 0.012836465053691742 -0.0022131311852982964 2.8615502340485053 0.09069963775242615 0.012337862740859093 -0.0018462497058116712 2.8511377829672866
ib6v21hdq_single_sci.fits 1010 2.6505 4.7854 -1.712 0.01978508933184139 0.011808018313058602 0.012423177420029928 -0.001114905950619648 2.8804408137102433 0.09422272821182526 0.011639523759999567 -0.0012389590549065047 2.866695707292573
ib6v21hgq_single_sci.fits 1065 2.637 4.8011 -1.8933 0.019756287066521265 0.011677168829702836 0.009767255605029432 -5.906047513212178e-05 2.8712339948495043 0.09534897488007818 0.009125623375210314 0.0005668047118440519 2.858051529068143
ib6v21hnq_single_sci.fits 1066 2.6512 4.8259 -1.2392 0.018908918935280742 0.011848543052011853 0.012662547251527007 -0.0006347813960592541 2.878463914748366 0.08903325311803456 0.011179625872670533 -0.000623818993629649 2.869126559204677
ib6v21hqq_single_sci.fits 1095 2.6395 4.8167 -1.3467 0.01998678571004428 0.011581058967834987 0.010955419039395621 0.0013279363591552512 2.8733781733353054 0.0920246873603095 0.00973817981116311 0.0009334328813000269 2.857131949353694
ib6v22kfq_single_sci.fits 985 2.6684 4.8496 -1.2717 0.017858795654789462 0.01127038151136509 0.011658434269691398 0.0002858936473625964 2.8876139461749104 0.08492778352234558 0.010036557797031968 0.0005280899339550529 2.8741506939962416
ib6v22knq_single_sci.fits 954 2.6908 4.8675 -2.3697 0.019546193445040425 0.011342665185883519 0.011585045713751761 0.0026326299003310784 2.906918717594422 0.08894548044119031 0.009435845310859 0.0037156778271674575 2.890913423450293
ib6v22liq_single_sci.fits 965 2.6597 4.8113 -1.2467 0.018758543644782622 0.011465396476103234 0.012111870926147529 -0.0011614618683915558 2.881465005290617 0.08409122895925529 0.010971839309607533 -0.001085227621884177 2.869113699947863
ib6v22lpq_single_sci.fits 1036 2.661 4.7695 -0.7636 0.018904152770468214 0.011493272901238662 0.011548792727273157 -0.0018704142878813172 2.884271940465117 0.09001277846212863 0.010605347876522748 -0.0009399202335309853 2.8703385489237725
ib6v22lsq_single_sci.fits 1070 2.6246 4.74 -1.5669 0.021338648092001554 0.011790297968994754 0.01296767405140005 -0.0010717144952434997 2.862359034969584 0.0881437625166899 0.011496150245527581 -0.0004084300105079824 2.85105807438742
ib6v22luq_single_sci.fits 988 2.6749 4.8168 -1.5352 0.019619507811038293 0.011657700231891823 0.012128601167737958 0.00013605894924823675 2.894149134405204 0.0900722425298133 0.010510714102692605 0.0003348712177884783 2.877228066820156
ib6v22lxq_single_sci.fits 978 2.6285 4.8389 -2.0311 0.02046571833205155 0.011901998123226851 0.009774688585458186 0.0010604365981970025 2.867790722845183 0.09574499655763108 0.007357693694144619 0.002077363686412894 2.8648522452865386
ib6v22m4q_single_sci.fits 984 2.6598 4.7947 -1.3371 0.01987303379535853 0.011945711194488971 0.012291276047579354 -0.0007149076257575292 2.8844644184465493 0.09372732344716078 0.010197348577967998 -0.0007319835916838273 2.8704034093778943
ib6v22m7q_single_sci.fits 1063 2.6383 4.7831 -1.4886 0.01951381606885484 0.011561573695698261 0.010215143497178314 0.0009046856819480345 2.870795981327753 0.10192464472848829 0.009525560868200694 0.001824435299091673 2.8590117950021554
ib6v22m9q_single_sci.fits 1030 2.643 4.7881 0.7545 0.01934587712446223 0.011902619041901145 0.011603591393624421 -0.002065801061022964 2.8791235856067505 0.09791645584081916 0.01022755906584459 -0.0018560674093146736 2.8608653129836474
ib6v22mcq_single_sci.fits 1030 2.626 4.7598 -0.5842 0.020134768851634482 0.012337898578904952 0.011297713581187138 -0.001756669808759592 2.865930658616359 0.09285248770339961 0.010631995402081503 -0.0008442793072332407 2.853627520920736
ib6v23pnq_single_sci.fits 961 2.6682 4.7859 -2.0076 0.018111248144876076 0.011333868184426239 0.011985963277452336 0.002919920761174984 2.887573193907349 0.08771647385056204 0.010229070393929066 0.0036029897218660587 2.8761261136136604
ib6v23qpq_single_sci.fits 966 2.6565 4.7769 -1.8012 0.01769328158764237 0.011174559330718302 0.011834137358698843 0.0007229457520033198 2.8830066252758675 0.08340999799711996 0.010108137070021148 0.0016888255727311706 2.866630995720485
ib6v23qsq_single_sci.fits 965 2.6651 4.7351 -2.3466 0.018445486710246078 0.011525423532391483 0.011073477790593691 0.0026289287600479295 2.889058619268905 0.09019902924829465 0.008100260119885624 0.0026729540973873204 2.8745502028996817
ib6v23r5q_single_sci.fits 991 2.6442 4.7635 -0.2937 0.01881441182420184 0.011488427542814426 0.012523534614876146 -0.0006174073161818755 2.8796101744528975 0.09149031273951609 0.011300661201638362 9.575336071040407e-05 2.8628344872548244
ib6v23r8q_single_sci.fits 996 2.6279 4.729 -1.585 0.020192994384090043 0.011846141217494796 0.014124844087176718 -0.00017821809975953387 2.8675138848568853 0.08851794042800595 0.012722642609739022 0.0007509291610529947 2.8595647504811375
ib6v23raq_single_sci.fits 987 2.6449 4.7268 -1.9186 0.018994275417990963 0.011786818200898476 0.011918835358685535 0.0008763111739276087 2.8771747440476534 0.1041936140474653 0.010763868755180553 0.0014383923147591872 2.8609988932075203
ib6v23rdq_single_sci.fits 1054 2.63 4.7168 -1.6557 0.0191985310004048 0.011704188415906569 0.010411932245963523 0.0024002984080953647 2.8710838038571715 0.09652662091453214 0.008805726921344785 0.0026095320694784654 2.8609390519939577
ib6v23rkq_single_sci.fits 994 2.6533 4.7552 -1.1056 0.019737173791131893 0.011564448237120788 0.013293172360459814 0.0023443425507848554 2.8803977383712085 0.09511559048290784 0.011706376733773956 0.0028170046090188316 2.8730380464638317
ib6v23rnq_single_sci.fits 1069 2.6337 4.7336 -1.3961 0.02000094064426394 0.011592719711710395 0.009996133564888245 0.0028891257344698363 2.870847549785043 0.09024485428192631 0.008324039604538765 0.004548651803076611 2.853064054927241
ib6v24u6q_single_sci.fits 1027 2.6687 4.7154 2.9049 0.022261563852046293 0.011885109276727833 0.015267111955044297 -0.0071897485251101526 2.89730440499799 0.09546061480123016 0.014174343446120103 -0.0073919342305193945 2.8817140702858706
ib6v24uaq_single_sci.fits 1013 2.6714 4.7886 4.1638 0.022136947472619323 0.011380623872073158 0.014237744156651246 -0.007987405188987834 2.901185913166044 0.09281246417240104 0.013206712845649584 -0.007992225953865019 2.8823977485638785
ib6v24ulq_single_sci.fits 972 2.6531 4.7869 0.9749 0.02235044459005468 0.011765352551361432 0.01417081627695383 -0.0047527752698874855 2.8897955920006755 0.09613996181474996 0.013749651338424002 -0.005084601404737786 2.8731934331805893
ib6v24uoq_single_sci.fits 1044 2.6077 4.7344 0.5358 0.022032296767688465 0.011851119559219877 0.013008655476338312 -0.004621584485216179 2.855043834923986 0.09729151705292609 0.01197515450659846 -0.004008900453794309 2.848437217503324
ib6v24uqq_single_sci.fits 1000 2.6862 4.7496 3.8728 0.021341453640178407 0.011138079696321572 0.014273118816789653 -0.007231227543738654 2.908809798944648 0.0892743693856028 0.012593722113030587 -0.007330795428013865 2.900677629134318
ib6v24utq_single_sci.fits 1012 2.607 4.7479 3.0924 0.02359228881697737 0.011962161323928758 0.0137725332269177 -0.006939313126761569 2.85571641469663 0.10422452914028967 0.011747206287072022 -0.0073524517474117534 2.8452624595757716
ib6v24v0q_single_sci.fits 1036 2.6774 4.7481 4.4785 0.022142524167226667 0.01154210943754371 0.014598450955756317 -0.007983117404392146 2.905500855445517 0.09786500338096198 0.012143293737472204 -0.008620377806840964 2.89642176808491
ib6v24v3q_single_sci.fits 1063 2.6276 4.7358 3.4901 0.023460517719269415 0.011836466579215648 0.013525596096792972 -0.007262917267598301 2.8673792785066303 0.09723514079403998 0.01222577256580065 -0.007344398446976308 2.860469810099563
ib6v24v5q_single_sci.fits 1002 2.6584 4.7956 1.9257 0.022311187419972484 0.011201902269295894 0.014951455493351773 -0.005675702749124612 2.8918186190761097 0.09110530160902326 0.01335425715443496 -0.0064868550456943334 2.875342602712786
ib6v24v8q_single_sci.fits 1057 2.623 4.7852 1.2949 0.02234446141132786 0.011809621975940949 0.014643572895730098 -0.005208275440681781 2.8645882660365345 0.09519434538795876 0.012985383014603658 -0.005513067543577542 2.849641687541545
ib6v24vfq_single_sci.fits 989 2.6574 4.7535 2.1045 0.022337488725757835 0.011484700141116366 0.013878680960261855 -0.005849958311998197 2.8889650018110244 0.10136367784634134 0.013745585169558054 -0.006985674135754546 2.868470970933287
ib6v24viq_single_sci.fits 1072 2.6246 4.7235 1.1391 0.021564680726583706 0.011515413087742144 0.013333745579546682 -0.004443888555650675 2.867145618707228 0.10249463925408983 0.012908466682650652 -0.005077464872397597 2.8530797759920907
ib6v24vkq_single_sci.fits 1053 2.6682 4.7622 4.4436 0.0234312726794902 0.011705757794737271 0.014179295245815493 -0.008033232778075867 2.8954748284020626 0.09938647118676382 0.01321825848825782 -0.009030429807172977 2.8815555164531688
ib6v24vnq_single_sci.fits 1067 2.6277 4.7452 3.7006 0.022723722282589644 0.011706011910256563 0.013552808277822322 -0.006858124491311406 2.870738896409969 0.09663663692615128 0.01307351343205395 -0.00726432013364737 2.8626421105337583
ib6v25ccq_single_sci.fits 469 2.6821 4.7577 -1.6268 0.017949892677805782 0.010337172063197956 0.012239086573220448 -0.0020473127937845744 2.8726960639292813 0.06792914547433393 0.010870146569713383 -0.002467402337444183 2.8792169399092744
ib6v25cfq_single_sci.fits 469 2.661 4.7768 -2.2935 0.018460039393520502 0.010493939490386326 0.013437929794509295 -0.0014304363333255978 2.8699047163778726 0.06758898067405429 0.011476025472901217 -0.0012068492158127408 2.8735000068818977
ib6v25ckq_single_sci.fits 429 2.6779 4.8696 -1.9855 0.018835317443181367 0.01101522465625971 0.01339461453823969 -0.0011865635766500698 2.8762310990374687 0.07174169501412407 0.014385579463196936 -0.0011118445449485382 2.8739348130879216
ib6v25cnq_single_sci.fits 466 2.6655 4.8376 -1.3358 0.018070162943249965 0.011248538080194983 0.012125671074979413 -0.0013313285800513257 2.8678888302466676 0.068500069432664 0.010994332363206846 -0.0009163262136790268 2.867091216035634
ib6v25ctq_single_sci.fits 423 2.6915 4.7581 -1.657 0.01729172780737958 0.010666583174476456 0.012795414917752178 -0.0025813995892867035 2.877330212524736 0.06233319291478354 0.013398019980730506 -0.002473520497512698 2.8845132605416715
ib6v25cwq_single_sci.fits 501 2.6624 4.7386 -1.8008 0.017992699030900856 0.011452868870227376 0.011424051345776527 -0.0016234635103751117 2.863333628548016 0.07143186480630341 0.010845718473324533 -0.0017047642698080254 2.869043292667863
ib6v25cyq_single_sci.fits 424 2.6865 4.7414 -1.8088 0.01584502092333094 0.01071803136278095 0.01233736030890938 -0.0011401760124174847 2.870896590244291 0.06199302453852147 0.012622052933409327 -0.001325712573805741 2.87439857940839
ib6v25d1q_single_sci.fits 522 2.6674 4.7592 -1.1167 0.01833658148961046 0.010878789329498977 0.012580947222318633 -0.0009180968886176292 2.868769380680887 0.07159807885733525 0.011136010244193594 -0.0011433756340326847 2.8687459909139053
ibbw04d5q_single_sci.fits 1060 2.6297 4.8133 -0.5424 0.019595324824510995 0.011702257053914897 0.012109297321505494 -0.0026287200364304405 2.861532246028709 0.08497607916303909 0.009747365444473525 -0.002791099906686325 2.8540642007690127
ibbw04d6q_single_sci.fits 1024 2.6384 4.8049 -0.7255 0.018730640012570972 0.011313673743498598 0.012745249838968405 -0.0021830433348398104 2.866680126524307 0.09037028056130199 0.011520543097430445 -0.002665432735522625 2.8591666522395425
ibbw04d8q_single_sci.fits 999 2.6473 4.7728 -1.5206 0.01923433927073053 0.011446491257314676 0.01263524698034326 -0.00043101561028195646 2.8689055095035636 0.0859412428325296 0.010702191238644276 7.376172585626205e-05 2.868172066493397
ibbw04daq_single_sci.fits 1002 2.6359 4.8039 -1.6893 0.019224307407721703 0.011815363541565049 0.009798167635032485 0.00021119076567713448 2.8658053645223416 0.08183397237964128 0.00964854164337234 -0.0003483087773488336 2.863965489363605
ibbw04dcq_single_sci.fits 1051 2.6266 4.8102 -0.7988 0.020345767682556606 0.01188725347635151 0.012350600736069204 -0.002616340127173992 2.860286296288694 0.08769129074951953 0.01092079281413416 -0.0020852406403905777 2.8606566550869394
ibbw04ddq_single_sci.fits 1032 2.6312 4.7667 -0.6074 0.019334147599037135 0.011433037543539611 0.01154456888568263 -0.0022267401371489273 2.8643616638713834 0.08887235291336103 0.011355260479757222 -0.0020177704126686765 2.861568844090678
ibbw04dfq_single_sci.fits 985 2.6389 4.7791 -1.0919 0.018909294341327803 0.01165846772665148 0.012597797902405512 -0.0018109847757912542 2.8662208317242586 0.08457520761589402 0.010492411216426323 -0.0015594333205944703 2.8554934323093426
ibbw04dhq_single_sci.fits 1069 2.6227 4.7693 -1.2895 0.018828658659298593 0.011568084990089534 0.01075967717815288 -0.0012613973127978298 2.8558561396916455 0.08561475288591044 0.010457641699086997 -0.001664007074871952 2.860318374887104
ibbw04djq_single_sci.fits 1056 2.6371 4.8059 -1.4463 0.019511103196087357 0.0118121820984368 0.01184584208943201 0.00010496444893249424 2.8655581031905406 0.08742685385058849 0.009617566994120325 0.000373640071179207 2.8659574563396975
ibbw04dkq_single_sci.fits 1017 2.6502 4.802 -1.8727 0.018538004139174866 0.011421710436673272 0.013093123484114797 0.0015163489332431176 2.87445839008043 0.08555731410072291 0.011340942393192702 0.0018014809105425579 2.8573008069053283
ibbw04dmq_single_sci.fits 1000 2.636 4.7897 -0.7493 0.019332365458627414 0.011481240770065095 0.013321070257688663 -0.002429520177027419 2.8637894354942244 0.08786928309475207 0.012245354776888416 -0.0020791636221013875 2.8620529900672906
ibbw04doq_single_sci.fits 1099 2.6183 4.7939 -0.7493 0.020724614005968176 0.011496299401713634 0.011658493921033401 -0.002110039839333287 2.8581638532327998 0.09143347694638639 0.009387285337304225 -0.002085764823707659 2.8520691623897028
ibbw04dqq_single_sci.fits 1038 2.6241 4.8008 -1.4054 0.01972153782365612 0.012065297489767328 0.01071072877198604 -0.0011178130696351224 2.861390963916123 0.08445766683232593 0.010639571301513225 -0.001253808769119508 2.859866163079318
ibbw04drq_single_sci.fits 1031 2.6271 4.7612 -1.4054 0.01965550558517535 0.011665661567087714 0.011722662950498779 -0.0009218273554261443 2.8621495618513713 0.08626185804216475 0.011524845959746205 -0.0013716052844293294 2.85928052158101
ibbw04dtq_single_sci.fits 993 2.632 4.7839 -0.2549 0.019056319489630977 0.011537259669438771 0.012787199075614139 -0.002410140991250711 2.8620904831850447 0.08810248446309044 0.011720388560923663 -0.0026634714315927404 2.860321250330079
ibbw04dvq_single_sci.fits 1052 2.6248 4.7926 -0.2549 0.019957465095451737 0.011777488674577839 0.01173201489195304 -0.0023032594256708946 2.854044343681199 0.08638325006862388 0.00979128276809614 -0.0013793320543736744 2.848237384715368
ibbw08mtq_single_sci.fits 1006 2.6212 4.7764 0.9133 0.020552861091903026 0.011685339991398359 0.009681378436668477 -0.0035049533791065048 2.8529267044914004 0.08973809696852825 0.008420106785705959 -0.001966761886746816 2.8501422630537654
ibbw08muq_single_sci.fits 1021 2.6305 4.7558 0.1037 0.01881688838255968 0.011532927843649924 0.01171251021768333 -0.00252593043015725 2.8615264425189095 0.08282586943841548 0.011544866224782327 -0.0019432164028124724 2.8616178675154167
ibbw08mwq_single_sci.fits 945 2.6357 4.7516 -0.4987 0.01859143109855464 0.01155507356898749 0.011916367808040014 -0.0020334574947344806 2.8638312851606154 0.07955111924003838 0.010198642987769338 -0.00233468489266112 2.8468546429555683
ibbw08myq_single_sci.fits 1035 2.6259 4.7966 -0.9276 0.019840147202990276 0.011632510112753165 0.0111073853997973 -0.0017791186267945769 2.8615573390457696 0.08147568496456813 0.008916508779370638 -0.002054935776331905 2.850005895440622
ibbw08n0q_single_sci.fits 1041 2.6338 4.8173 -1.826 0.020653471962853852 0.011784844058089864 0.010278411157517386 -0.000998690337972817 2.86435679029116 0.08319562326440999 0.008987458975317685 -0.0012246183378429288 2.8635734686510994
ibbw08n1q_single_sci.fits 985 2.641 4.7617 -2.1204 0.017554083945254942 0.011475119903846271 0.010931869259667088 -0.0011505380100832936 2.8684046152990854 0.08003332917838593 0.010129389986238324 -0.001355765268431084 2.8586789630877076
ibbw08n3q_single_sci.fits 979 2.6365 4.7541 -0.9687 0.018180398389095426 0.011549880848338159 0.010838648961923054 -0.0012638576096476151 2.8666247502520203 0.08045754183914906 0.008943877718104605 -0.0012083869117013202 2.848425992826956
ibbw08n5q_single_sci.fits 1021 2.6193 4.7526 -0.9687 0.019435200981900942 0.011594310908901994 0.010750156734060783 -0.0012712027749831978 2.8582884749658137 0.09012579847587454 0.008591288400638244 -0.0008402195456698605 2.852883929698029
ibbw08n7q_single_sci.fits 959 2.6664 4.767 3.8007 0.022668071992751206 0.011140737992507472 0.012962174803757675 -0.007717397793651717 2.8870143811365576 0.08172184219469988 0.011534241234486165 -0.0067020045121573 2.8857968135814858
ibbw08n8q_single_sci.fits 923 2.6668 4.733 2.4295 0.020984067411594275 0.010979295665558664 0.013306021465454416 -0.008337948159498208 2.8847625939851396 0.08207606204994197 0.012580864853421393 -0.008916375345282722 2.879774904173904
ibbw08naq_single_sci.fits 950 2.6511 4.7611 1.3163 0.021336619322108452 0.010924525534949653 0.014642075959560599 -0.007171342525236458 2.872520992602883 0.08055659681407071 0.011498502484027782 -0.007599790800336518 2.8617055028818257
ibbw08ncq_single_sci.fits 966 2.6384 4.7946 0.5824 0.021348597009704064 0.01151880483115098 0.013205687367864236 -0.005591191960682665 2.8649701439416884 0.08319743902964581 0.012122471556187397 -0.007192487046193316 2.8648913811360064
ibbw08neq_single_sci.fits 1068 2.6307 4.7964 -0.4659 0.020073356224921887 0.011429887828767919 0.011080118700776824 -0.003705091639307781 2.8655974656794423 0.08078488799483967 0.009213053929043353 -0.002923629756413971 2.853700956625147
ibbw08nfq_single_sci.fits 1000 2.6335 4.7549 -0.9716 0.019147297678278725 0.011319141601288432 0.012316815079152416 -0.003372338570007581 2.8655518577736006 0.0794869130828485 0.01033108505368941 -0.003147067065917503 2.8486970445694384
ibbw08nhq_single_sci.fits 973 2.6352 4.7513 -1.4586 0.01862593955142301 0.01118402185111299 0.011510801740859422 -0.002892848695302203 2.8628130477753237 0.08191706968008065 0.009950627218256493 -0.002913343904976392 2.850399075665891
ibbw08njq_single_sci.fits 1022 2.6128 4.7449 -1.0388 0.019842639961232415 0.01151306863094956 0.011053691376808485 -0.0022493513522536296 2.8489123307540636 0.08871409932764297 0.010336942620715616 -0.002210364939044756 2.858760565584988
ibbw09msq_single_sci.fits 1022 2.6407 4.7683 -1.4337 0.020225106033028448 0.011557518986703085 0.010628711213647283 0.0006560073256396284 2.869783259729359 0.0944758932462588 0.008536509777843685 -0.0004864459649518083 2.8670760695983715
ibbw09mtq_single_sci.fits 974 2.649 4.7692 -1.8265 0.018301458910101837 0.011388942192204134 0.010938441869052119 0.0009678964300017241 2.8728507007771555 0.08359831346986539 0.008175922827499786 0.00048552426231921776 2.8563660041439203
ibbw09mvq_single_sci.fits 964 2.6523 4.7697 -1.5839 0.01903103554071074 0.01119121147267132 0.010984679098415053 0.0013166187569353355 2.875906356742445 0.08134481605324083 0.009500946436434473 0.0013576270037133397 2.8683962149946547
ibbw09mxq_single_sci.fits 1024 2.6369 4.7803 -2.234 0.019606886281618996 0.011783495158212972 0.010590449473874313 0.0013351468979787636 2.8678279034528757 0.08489408584346665 0.009149919268581583 0.0013227947386900453 2.8605839057540603
ibbw09mzq_single_sci.fits 1055 2.6448 4.8511 -1.1397 0.020495096039304238 0.011347170054433756 0.010421809670558797 -0.0018535891539105535 2.872060580244802 0.08724822750047481 0.009318006891034696 -0.000953261329881386 2.875318377680905
ibbw09n0q_single_sci.fits 1010 2.6473 4.7983 -0.9217 0.01909726921634132 0.011514922274112214 0.011343082181118716 -0.0020045878221398084 2.871764788163155 0.08968340970989101 0.01032893075654329 -0.002696362114120534 2.8637934877851836
ibbw09n2q_single_sci.fits 982 2.6399 4.7992 -0.6466 0.019899890429648195 0.012076294285887964 0.013097929026047835 -0.002259080848883711 2.8672224599249816 0.09462698759650663 0.011158464939327168 -0.002622687757755103 2.8635241659215076
ibbw09n4q_single_sci.fits 1017 2.6228 4.8139 -0.824 0.02059381936954869 0.011729591366163772 0.013517438263664463 -0.0021385430944004776 2.8610624899713595 0.08882183575424582 0.01125947191669676 -0.0007757637028411828 2.8553188979106676
ibbw09n6q_single_sci.fits 975 2.6205 4.7648 -0.6735 0.0203413907428016 0.011445400244105033 0.011662220723965958 -0.0023237459263941752 2.857473937494282 0.08373138322673693 0.00883591771659143 -0.001780620817041879 2.854304493459921
ibbw09n7q_single_sci.fits 976 2.6399 4.7845 -0.6735 0.018668161491166173 0.011506601377868698 0.01238532847289862 -0.002180111746127103 2.867464134233905 0.08170095900532173 0.010153500938343454 -0.0017601609035726455 2.8578105379514054
ibbw09n9q_single_sci.fits 973 2.6491 4.7992 -1.1157 0.01815283634567385 0.01145608197538426 0.01187322231636217 -0.0010819713883183954 2.8750125407483185 0.08380515691092887 0.010839199613303672 -0.0010818977031245955 2.8721826214710044
ibbw09nbq_single_sci.fits 1008 2.643 4.8225 -1.4928 0.01949102032152624 0.011640197931748001 0.011272721185427374 -0.0009988794381307674 2.870924922658628 0.08373844768183679 0.009946193954215393 -6.097396643898533e-05 2.863645935601235
ibbw09ndq_single_sci.fits 1035 2.64 4.8366 -1.774 0.01957073554227227 0.011990245889907051 0.009054879602765664 -0.0007141493852602117 2.868819321949067 0.08378101074584265 0.008982226274914922 0.0001707521086306395 2.8696289628101446
ibbw09neq_single_sci.fits 985 2.6596 4.846 -2.0088 0.01847959068476304 0.011365941722705056 0.011356937135888702 -0.0008978112989580718 2.8770684837356457 0.08428444953008013 0.009626996299352092 -0.0006436621383688209 2.8707292020889192
ibbw09ngq_single_sci.fits 983 2.6462 4.8402 -0.8405 0.019772065333581373 0.011156242793039384 0.013795568325974615 -0.0024813992797813947 2.868089945030432 0.08429591015783842 0.011436761433412988 -0.002195614407273358 2.864195006740526
ibbw09niq_single_sci.fits 1011 2.6247 4.8027 -0.5817 0.02049252679355188 0.01149098321049494 0.012313381627943626 -0.0026630180935642736 2.859170030435977 0.08780780592749422 0.010517046443748634 -0.002577720618837721 2.853599847402489
ibcf02fmq_single_sci.fits 957 2.6359 4.7246 -1.281 0.019739647388618477 0.011726306242930657 0.011418272549917629 -0.0024080665401667884 2.867857210778634 0.0976801194656993 0.008826280177981004 -0.0018662571092269236 2.853450407827453
ibmg20k6q_single_sci.fits 1002 2.6251 4.7538 -3.4502 0.01957219424483815 0.011967213457852175 0.010245759737016882 -0.0009395020596438969 2.861925722377636 0.08699482254835343 0.009397616637205255 -0.0007820387575961495 2.853566953219504
ibmg20k9q_single_sci.fits 982 2.6356 4.7244 -3.0983 0.018346188607230356 0.0118284012652731 0.010668908285836026 -0.0009839653398842642 2.866671120703903 0.09044114899283828 0.009882190209666877 -0.0013077316601839701 2.8561846415386336
ibmg20kdq_single_sci.fits 999 2.6255 4.7489 -2.5978 0.019458949918430286 0.011483384821833023 0.01051861375179078 -0.0013759707861074832 2.859386131837175 0.08408236137783097 0.010743724621596906 -0.0010420261613974184 2.8633319977676526
ibmg21gcq_single_sci.fits 1028 2.6452 4.8057 -3.2347 0.019343548434728436 0.011564451771636626 0.010084596899889305 0.0007796630094111224 2.874855436925343 0.08595780006785643 0.00960746746369189 -0.0005035611656171888 2.8673008395569095
ibmg21gfq_single_sci.fits 971 2.6671 4.827 -3.0835 0.01890598906010908 0.011518968308947403 0.01204047017307468 0.00010155819675992673 2.8857019367175627 0.08150954523015898 0.010374261580703512 0.0004098826980573141 2.8803119616521373
ibmg21glq_single_sci.fits 1033 2.634 4.822 -2.0793 0.019142261634615205 0.011578427590579806 0.008706803204425432 -0.0007470622130896016 2.865146305288821 0.08622356460021653 0.00966524126963686 0.0001711115847841961 2.865582547492913
ibmg22pzq_single_sci.fits 1013 2.6325 4.7906 -2.7715 0.020593052630742917 0.012038165926351707 0.011753510857439102 -0.0016900904849822052 2.86472839504482 0.09541995961578022 0.009522434140657014 -0.001836137041668094 2.8597322268338456
ibmg22q2q_single_sci.fits 1005 2.6487 4.8 -3.265 0.019526673401779975 0.011766864910004296 0.013240910271242037 -0.0015297741733174383 2.8746462456952777 0.08794873631702019 0.010510274413376023 -0.0008718342696773801 2.8655626313625184
ibmg22q6q_single_sci.fits 1029 2.6383 4.8009 -2.4157 0.020036175859261002 0.011723009527635863 0.011957411675899858 -0.0015027745440173294 2.869671447977043 0.08750666792760223 0.009609805486395541 -0.002036908775114159 2.8619417684033555
ibmg22q7q_single_sci.fits 1033 2.6448 4.8421 -2.4157 0.019490859518138535 0.011856275486894255 0.011978615248797115 -0.0008988543588188808 2.8696349741037395 0.08688611801372112 0.009984511087464204 -0.0011027453574454296 2.865094303244062
ibmg23c4q_single_sci.fits 1039 2.6351 4.8335 -2.8325 0.020382534120101912 0.0118590363059036 0.011822715990461696 -0.0011809928790838626 2.8634789762920074 0.08441247843902526 0.009649621278308708 4.731070041955077e-05 2.8593289936354425
ibmg23caq_single_sci.fits 1010 2.6432 4.7891 -4.1232 0.019180359249773175 0.01122088846855858 0.011890241283673452 2.567053821744766e-05 2.8706358967495325 0.0825861765735439 0.010790453549504572 4.6232696097614934e-05 2.860008740927311
ibmg23crq_single_sci.fits 1003 2.6437 4.834 0.7453 0.021635150411278586 0.011570033001814636 0.013232973565465989 -0.005724923683381197 2.8755728893440207 0.08380667303467589 0.011972337133975034 -0.005301386514105896 2.870444070554762
ibmg24wbq_single_sci.fits 990 2.6397 4.8014 0.1019 0.02146665881108567 0.011699229667375691 0.010742797097256455 -0.005327120106913098 2.8671698372837255 0.08139372856150126 0.010093626947613527 -0.005943883329993458 2.8564383369426993
ibmg24weq_single_sci.fits 972 2.6445 4.8025 -2.3833 0.018506612544231152 0.01184589870656333 0.011378602601839804 -0.0020142016349965902 2.869762299172952 0.08556016828414163 0.010496336606962146 -0.0023922232967110236 2.8605455275457774
ibmg24wiq_single_sci.fits 1023 2.6298 4.7839 -3.7965 0.019402894185348813 0.011697237532488624 0.010728197301164168 3.129117439470262e-05 2.8652797833633934 0.08772384101922658 0.010319842307339042 0.0002887280391445054 2.857743764731655
ibmg25kuq_single_sci.fits 1072 2.6485 4.7665 -2.5793 0.019886500015289986 0.011271688316141818 0.010132011676243627 -0.00028075308194732036 2.874665621261793 0.08304343938293877 0.006908156445904862 0.00022833036544697027 2.8687266940340974
ibmg25kxq_single_sci.fits 1000 2.6526 4.7721 0.4992 0.020465316534933727 0.011011242730925429 0.014285889359430343 -0.005438095718925725 2.873142427011336 0.08080572795320531 0.013249842430865636 -0.004951235932262956 2.8713548229276173
ibmg25l1q_single_sci.fits 1044 2.6418 4.754 0.9597 0.020881527065266477 0.011503782649259268 0.012459294349847584 -0.005022008959544409 2.867107666853217 0.08704376030238607 0.011318854015317993 -0.004682257786250862 2.865843515799069
ibmg25l2q_single_sci.fits 1033 2.6283 4.7833 0.9597 0.021419191188757347 0.011179595931109574 0.012914118500440443 -0.005042154688082555 2.8605742501432547 0.09398498933482806 0.01082342025384831 -0.004221253327068629 2.857854320756922
ibvl10h0q_single_sci.fits 1037 2.6835 4.9871 -2.1258 0.020166150282633175 0.011933023376705253 0.010567587731395213 -0.0009792109173025732 2.8863407406455392 0.087767988288934 0.00998284306524451 -0.0011233082464881475 2.8856077384571237
ibvl10hnq_single_sci.fits 1081 2.647 4.798 2.6661 0.020877828642754455 0.011702694199024961 0.012868059063799439 -0.0027256928374996187 2.872234986258023 0.0850693094929631 0.013103062589484106 -0.0024568163417191305 2.8650486253915766
ibvl10hrq_single_sci.fits 1048 2.6352 4.8058 0.6601 0.020664691006630244 0.012030223749625568 0.011997547156260911 -0.0023784326611216533 2.8650587606989775 0.09683038588237039 0.010101563584425231 -0.003193687817939317 2.8534944212410376
ibvl11f7q_single_sci.fits 1026 2.6218 4.7443 -4.228 0.020342013411617444 0.011780336273000054 0.012218671375756215 -0.0012489972457639408 2.8576908181750023 0.0869447504185591 0.009954708635498043 -0.0009326480639300193 2.8553253606789113
ibvl11fuq_single_sci.fits 999 2.6419 4.758 0.8319 0.02112687780465266 0.011419131619444255 0.013990918977793027 -0.005224659156020888 2.8687603095931284 0.08403827650907186 0.01204440380895886 -0.0059060039805733005 2.858493444629666
ibvl11fyq_single_sci.fits 1019 2.6243 4.7571 -0.9789 0.02046243925395093 0.011595197809292856 0.01274134825421715 -0.004902701917358568 2.8590208281904483 0.08374764668484298 0.011422121827442818 -0.0052218764186741425 2.85538554946682
ibvl12kdq_single_sci.fits 1056 2.6337 4.7627 -2.3335 0.019799083180009995 0.011731575142886119 0.011207894661808507 -0.0007464143964546213 2.866285921308624 0.09143515972551612 0.010021530231366309 -0.0007913907855083792 2.85783445206593
ibvl12kgq_single_sci.fits 1000 2.6334 4.7376 -0.7876 0.019467223429356337 0.011447929014518533 0.0129509424143689 -0.003640290040476531 2.863677153280239 0.07978632166758126 0.011898883445675777 -0.003634698800169954 2.8513248280294072
ibvl12kkq_single_sci.fits 1068 2.6217 4.7599 -0.9707 0.02080050286032256 0.011550155953816619 0.01232399960128579 -0.0029976439301630346 2.859882791130265 0.08673374806015963 0.010684853861034755 -0.002697080643260282 2.84770908407922
ibvl12klq_single_sci.fits 1020 2.6232 4.7805 -0.7149 0.020448175009482532 0.011580412409027824 0.012223431130848818 -0.0026975189674575423 2.8617143100551172 0.08534783220823233 0.011273885677269415 -0.0021692335744571333 2.853518210780202
ibvl22lbq_single_sci.fits 1035 2.6238 4.7685 -0.9918 0.02043952086383868 0.011591706203735532 0.010237503269168077 -0.003153151043375422 2.8610276059222874 0.08985988270350323 0.00952450887279128 -0.004104662274342331 2.856020745701249
ibvl22leq_single_sci.fits 954 2.6469 4.7705 -4.4853 0.01819625884964058 0.011475436588717969 0.010815576375367949 0.00018847373763419774 2.8716620867744567 0.08874090057730079 0.009048283945812426 0.001070869411398631 2.868644513923657
ibvl22liq_single_sci.fits 1002 2.6437 4.8061 -5.2482 0.018983454138013167 0.011305345220861046 0.010759324259019959 -0.0009026823598621852 2.8715731026304905 0.08107627845603536 0.007428618714587658 -0.0007687217548969106 2.869345961325217
ibvl23p0q_single_sci.fits 1062 2.6358 4.8027 -2.9011 0.020034438284921376 0.011737512075564177 0.010370418687753525 0.0005841183406120707 2.8619605040496277 0.09189292390592382 0.008489772007176828 0.0008585749707936399 2.860185903689979
ibvl23p3q_single_sci.fits 982 2.6733 4.7948 -5.6007 0.0182288468220278 0.011337993329424617 0.010805678623615823 0.003103596697453103 2.887348993985833 0.08072869164657781 0.008990936000331805 0.0032778192307240505 2.8770878820119754
ibvl23p7q_single_sci.fits 1072 2.6741 4.7749 -6.4267 0.01944127913156321 0.011585072540336375 0.009722084427444419 0.0033989482530278723 2.8916008955737715 0.08492665046869646 0.0083631471875849 0.004210609828548005 2.891381188363794
ibvl24xvq_single_sci.fits 976 2.6269 4.7594 -0.6798 0.021186903215105808 0.011726102906514766 0.01253524104532076 -0.004678408457334509 2.861835721258725 0.08942624751989263 0.010159760355464911 -0.004787576676044795 2.8560875453866155
ibvl24y2q_single_sci.fits 953 2.635 4.7305 -4.4618 0.017177354698095643 0.011548453910238472 0.010734297119618316 -0.0012481007796621576 2.86193690253615 0.08276388432365199 0.008646447977531444 -0.000809621989434149 2.86715357327657
ibvl24yaq_single_sci.fits 1015 2.6252 4.7383 -5.163 0.018928300726933495 0.011837179212399226 0.009144227343212886 0.00018862503634120198 2.859938592953983 0.08676092707128927 0.00644147541204955 -0.0003406918296255257 2.862314820725035
ibvl24ybq_single_sci.fits 1035 2.6264 4.74 -4.8889 0.019243575182657773 0.011362720655910551 0.009247960504230315 0.00022061502557966855 2.8655747294224247 0.0868865340585141 0.007846003694181682 0.000725784390220036 2.8637970726263267
ic5n1es1q_single_sci.fits 1013 2.6332 4.7889 -1.4146 0.01973669326868154 0.011368940885852774 0.01026465344641062 -0.003503442805029962 2.860119024513975 0.08222498928433628 0.009522118708454623 -0.002345135777572978 2.8664685899104616
ic5n1es4q_single_sci.fits 1007 2.642 4.7695 1.6401 0.020946990576188398 0.011319502659986325 0.0133885028892943 -0.005568071905093575 2.866360713400761 0.08458855741785302 0.010772371284267118 -0.004480805647080477 2.8615312729765474
ic5n1es8q_single_sci.fits 1014 2.6307 4.7721 -0.7645 0.020043451641676636 0.011977412947989265 0.010645518752867796 -0.002896338516993482 2.858767553110911 0.08881282711325565 0.008699055173573944 -0.00270703425281583 2.8508050768075215
ic5n2em9q_single_sci.fits 1059 2.6515 4.8595 -1.98 0.02002584668588977 0.011819462438598324 0.011552482278182032 -0.0022899424979096004 2.872418196976342 0.09084735622695128 0.0107275517116324 -0.0022423368859394843 2.866441984153375
ic5n2emcq_single_sci.fits 1006 2.6419 4.7819 -1.9866 0.019246427945560567 0.01119374436466086 0.012252252963713397 -0.002869895207069818 2.8719977923857307 0.08302431326391875 0.010717363597361657 -0.003488443589435525 2.8633133265035258
ic5n2en2q_single_sci.fits 997 2.6372 4.8081 1.643 0.02219515682942313 0.011480469248636192 0.013633531749079815 -0.0064108034706519545 2.87078737426038 0.09367779763957264 0.011621750376193483 -0.006604065618675492 2.8651061511106657
icfh01nwq_single_sci.fits 960 2.6867 4.7332 6.279 0.02176401573669423 0.011018217797557387 0.011850441360784756 -0.007099517948674201 2.9024840741973295 0.08611346939237165 0.010203548253679822 -0.005741412615984836 2.9023327980924165
icfh01nzq_single_sci.fits 949 2.6605 4.7479 3.4774 0.021615155278146257 0.011598255115916173 0.01390480605781302 -0.006685121668997823 2.878877417584062 0.08411857722387867 0.012510973025070277 -0.006877262532380792 2.8813956538139593
icfh01o3q_single_sci.fits 960 2.6368 4.7856 1.2851 0.02103044811391213 0.011740670282124012 0.011937293460821863 -0.005838061899905924 2.8598090953550166 0.08202062644053186 0.011721061002794297 -0.0053601296619996165 2.8581051274356835
icfh02a3q_single_sci.fits 943 2.6483 4.8147 1.3057 0.021841198776886193 0.011212385678642559 0.013237940916762742 -0.006026094506131778 2.877786246604683 0.09007491434236481 0.01209771278005367 -0.006545409256706246 2.8762895509421065
icfh02a6q_single_sci.fits 892 2.7298 4.8068 5.9896 0.020873821449050926 0.01154781243432939 0.011780881911650515 -0.008064685126870558 2.926691477595659 0.0816149462022352 0.011310148643783689 -0.008686281649286214 2.9246744156344335
icfh02aaq_single_sci.fits 931 2.6753 4.8223 3.4803 0.022211582723444305 0.011674280532417551 0.01177533427803198 -0.0077601884848786645 2.8922386693906956 0.0812199026083144 0.011091621114442887 -0.0078917123288307 2.8972238881744365
iddh03cvq_single_sci.fits 504 2.6609 4.7219 3.1033 0.019109900621352406 0.01121331191139423 0.012430373415411738 -0.004130845473422297 2.8699445677074698 0.07099387350776383 0.012525838791435782 -0.004168206288703345 2.876279346279699
iddh03cxq_single_sci.fits 517 2.6757 4.7718 2.2465 0.019363875273955874 0.010945622227838469 0.012874729697604446 -0.004636706200641357 2.876456676527922 0.06647462924066368 0.011586529473613128 -0.006005730583021859 2.8831771223025853
iddh03cyq_single_sci.fits 543 2.6671 4.7824 1.6722 0.020535976962645048 0.010782428359897253 0.012248889281993075 -0.005997399355264833 2.872417388736352 0.06963876353117177 0.012167420032865065 -0.0057730713089550485 2.8736769155933186
idrs01cnq_single_sci.fits 491 2.6702 4.8356 2.527 0.019613340521611115 0.010850451196837812 0.013129178868530602 -0.005649220722772891 2.873455305339896 0.06760723807379852 0.011305094711373144 -0.0053947743874298276 2.8739480457935045
